0.010991 0.008594 0.007546 0.009828 0.011876 0.008604 0.007492 0.008777 0.013511 0.009657 0.008759 0.011986 0.014816 0.009787 0.008718 0.010150 0.018066 0.011909 0.010706 0.015169 0.020497 0.012783 0.010914 0.013683 0.013140 0.008678 0.008515 0.014664 0.018569 0.012458 0.009687 0.011276 0.003920 0.003298 0.004380 0.008298 0.010364 0.005601 0.004229 0.004270 
0.031724 0.027751 0.027737 0.033952 0.038378 0.031543 0.026534 0.027385 0.034051 0.029400 0.029799 0.034268 0.037384 0.030905 0.028291 0.028045 0.031235 0.025241 0.025411 0.029995 0.033391 0.026099 0.023173 0.024705 0.017971 0.012955 0.013912 0.019513 0.024499 0.016654 0.013946 0.016105 0.004280 0.003428 0.004350 0.007586 0.009869 0.005824 0.004486 0.004808 
0.010082 0.008791 0.009223 0.013321 0.018031 0.013306 0.009280 0.009037 0.013785 0.012279 0.013820 0.021129 0.029077 0.020187 0.013255 0.012052 0.019514 0.016925 0.021925 0.038896 0.056002 0.035387 0.020599 0.017079 0.012603 0.012499 0.019982 0.040302 0.057389 0.034220 0.017906 0.012845 0.004145 0.004457 0.007516 0.016750 0.021038 0.011075 0.006371 0.004891 
0.058319 0.054216 0.051777 0.047362 0.047967 0.050354 0.056905 0.057733 0.051059 0.049208 0.053057 0.051945 0.056422 0.058789 0.062023 0.055766 0.043299 0.038048 0.041236 0.045727 0.054718 0.050233 0.045056 0.043023 0.020996 0.018159 0.020383 0.025908 0.032191 0.025909 0.021462 0.020570 0.004519 0.004129 0.005202 0.008078 0.010466 0.007341 0.005221 0.005067 
0.026345 0.022394 0.020583 0.021651 0.025202 0.022517 0.020537 0.022036 0.045263 0.038982 0.035959 0.035419 0.040259 0.038960 0.038178 0.040060 0.061746 0.054358 0.054243 0.052140 0.060234 0.059862 0.061932 0.057753 0.032479 0.027497 0.029556 0.033372 0.040517 0.037640 0.035310 0.033193 0.006753 0.006070 0.007771 0.011099 0.013052 0.010023 0.008128 0.007822 
0.013674 0.012300 0.013379 0.025646 0.040417 0.024336 0.013415 0.012645 0.016668 0.015761 0.018543 0.045891 0.081722 0.041441 0.017802 0.015090 0.019258 0.017202 0.021375 0.065735 0.113318 0.052654 0.020302 0.016961 0.011019 0.010721 0.014560 0.032695 0.051753 0.027966 0.014246 0.011568 0.003691 0.003613 0.004898 0.010663 0.014755 0.008183 0.004716 0.003991 
0.025497 0.015856 0.011999 0.013992 0.016761 0.013368 0.011501 0.015535 0.058656 0.027864 0.017213 0.018112 0.020157 0.016570 0.016765 0.031416 0.119794 0.051588 0.021334 0.022402 0.026192 0.021220 0.023008 0.059241 0.050341 0.024153 0.014187 0.016511 0.018877 0.015666 0.016817 0.031190 0.008995 0.005331 0.004518 0.005993 0.007116 0.005648 0.005197 0.007629 
0.098302 0.076369 0.053850 0.048057 0.049834 0.046216 0.050822 0.070494 0.130717 0.095377 0.064526 0.057332 0.060569 0.056572 0.062806 0.090830 0.071968 0.058761 0.052034 0.053393 0.058491 0.050526 0.052602 0.060098 0.028609 0.023122 0.022560 0.027449 0.032564 0.025621 0.024066 0.025911 0.006095 0.004800 0.005452 0.007660 0.009402 0.007092 0.005587 0.005863 
0.047193 0.035444 0.030914 0.034082 0.038613 0.031876 0.030500 0.036418 0.095902 0.060633 0.046411 0.049242 0.053692 0.043602 0.046591 0.065574 0.144171 0.081691 0.051185 0.052914 0.058470 0.049258 0.055111 0.094022 0.048708 0.031431 0.026292 0.031649 0.036327 0.030270 0.029271 0.040852 0.008185 0.005817 0.006529 0.008957 0.010564 0.008164 0.006828 0.007805 
0.040236 0.036825 0.036582 0.066324 0.114677 0.076916 0.037324 0.032792 0.048014 0.045009 0.040340 0.055749 0.086013 0.059561 0.037342 0.035744 0.041773 0.034577 0.032078 0.038959 0.051335 0.038927 0.030163 0.032340 0.019261 0.015388 0.016607 0.024094 0.032086 0.022143 0.016068 0.016831 0.004636 0.003752 0.004435 0.007499 0.010072 0.006543 0.004616 0.004742 
0.056009 0.044509 0.037251 0.040685 0.049781 0.039087 0.036205 0.043748 0.065858 0.053004 0.048123 0.059861 0.081498 0.052485 0.044911 0.052681 0.056465 0.045962 0.047105 0.093245 0.142590 0.075922 0.045268 0.046743 0.023341 0.021106 0.025243 0.047386 0.069513 0.040383 0.025664 0.022755 0.005095 0.004835 0.006537 0.013434 0.018207 0.010686 0.006374 0.005664 
0.098500 0.048438 0.023354 0.024702 0.029013 0.023679 0.022856 0.051316 0.115719 0.056314 0.026939 0.026664 0.027210 0.024620 0.025663 0.059647 0.073647 0.039323 0.025409 0.026405 0.029433 0.024699 0.026246 0.045211 0.031480 0.019148 0.015265 0.017239 0.020453 0.016172 0.016992 0.023239 0.006593 0.004233 0.004011 0.006146 0.007720 0.005006 0.004246 0.005879 
0.046322 0.043888 0.044063 0.047712 0.051085 0.046829 0.041933 0.043527 0.071722 0.071403 0.076013 0.080745 0.082402 0.083458 0.077873 0.069770 0.081120 0.077720 0.085455 0.084262 0.087237 0.096941 0.098501 0.081811 0.032142 0.029668 0.032707 0.038853 0.045612 0.041701 0.038535 0.033939 0.006210 0.005610 0.006991 0.010640 0.012808 0.010278 0.007642 0.007440 
0.049065 0.046107 0.046513 0.066257 0.104405 0.066843 0.045188 0.045482 0.063206 0.057500 0.060298 0.105894 0.179873 0.107345 0.058777 0.053956 0.058713 0.049806 0.050730 0.071151 0.105026 0.071332 0.050843 0.051071 0.023873 0.021160 0.023395 0.031341 0.041589 0.030291 0.024676 0.022459 0.005249 0.004428 0.005494 0.009119 0.012140 0.008404 0.005656 0.005567 
0.054805 0.059573 0.091244 0.115118 0.081306 0.055594 0.050616 0.050011 0.058476 0.059690 0.093466 0.117783 0.083297 0.061205 0.054838 0.052737 0.048671 0.046512 0.057581 0.069304 0.064117 0.051279 0.044785 0.045166 0.019543 0.018211 0.022254 0.031603 0.035854 0.026180 0.021193 0.020334 0.004125 0.004049 0.005300 0.008108 0.010057 0.007220 0.004999 0.004815 
0.061250 0.059348 0.063356 0.068501 0.093857 0.124991 0.104492 0.068478 0.064771 0.061177 0.064228 0.065770 0.087433 0.117140 0.099680 0.069496 0.050664 0.047839 0.049563 0.055432 0.067538 0.066604 0.056599 0.050845 0.021780 0.019521 0.021430 0.026694 0.032215 0.027576 0.023407 0.022270 0.004651 0.004278 0.005005 0.007298 0.009451 0.007076 0.005068 0.005322 
0.018952 0.017686 0.022075 0.059856 0.089598 0.038667 0.019454 0.018121 0.022536 0.021628 0.029463 0.103038 0.161713 0.060056 0.023252 0.020802 0.023861 0.021215 0.029179 0.086068 0.122847 0.050516 0.024196 0.021709 0.012694 0.012023 0.017845 0.043261 0.057389 0.028001 0.015649 0.012480 0.003626 0.003612 0.005371 0.012526 0.015858 0.008000 0.004942 0.003988 
0.018024 0.016781 0.017204 0.025100 0.035864 0.024116 0.016058 0.015720 0.023609 0.021283 0.022296 0.036412 0.052655 0.030936 0.020956 0.020682 0.026044 0.024218 0.029084 0.068376 0.108719 0.054011 0.027148 0.024775 0.014650 0.014697 0.026984 0.085310 0.130184 0.057233 0.021465 0.014585 0.004055 0.004442 0.008250 0.024253 0.032389 0.014643 0.007181 0.004485 
0.081162 0.116072 0.129840 0.095423 0.075999 0.072879 0.073481 0.073169 0.086101 0.126453 0.144807 0.107477 0.087016 0.081043 0.082097 0.081580 0.062865 0.070441 0.077847 0.071213 0.067342 0.063093 0.064024 0.062743 0.024151 0.022878 0.023843 0.028541 0.032412 0.027630 0.025988 0.024605 0.005070 0.004547 0.005159 0.006630 0.007919 0.007008 0.005725 0.005822 
0.071023 0.034795 0.017542 0.017727 0.020342 0.017259 0.017035 0.032677 0.180877 0.073047 0.024208 0.022848 0.026986 0.022245 0.024737 0.073253 0.218822 0.089030 0.027424 0.026515 0.032584 0.025837 0.028762 0.091619 0.067815 0.031466 0.016481 0.019421 0.023620 0.019198 0.019159 0.036361 0.010342 0.006072 0.004761 0.006746 0.007747 0.006051 0.005423 0.007905 
0.160190 0.109986 0.077277 0.081243 0.089826 0.074237 0.080668 0.119081 0.097279 0.071541 0.065299 0.078337 0.091706 0.074669 0.065700 0.077064 0.059358 0.047360 0.049161 0.056515 0.065838 0.053793 0.048054 0.049628 0.025871 0.020511 0.021292 0.028225 0.034039 0.025714 0.021817 0.022573 0.005451 0.004324 0.005121 0.007484 0.009628 0.007073 0.005216 0.005182 
0.078387 0.063036 0.057623 0.057092 0.060779 0.070567 0.105575 0.109369 0.093551 0.076883 0.074282 0.069777 0.074064 0.091799 0.143684 0.141125 0.077910 0.067770 0.064873 0.063259 0.069535 0.071276 0.098243 0.100051 0.031269 0.026280 0.026477 0.030728 0.035636 0.032552 0.034783 0.035165 0.006084 0.004948 0.005945 0.007818 0.009684 0.007967 0.006422 0.007125 
0.076929 0.075242 0.087639 0.149435 0.192746 0.127496 0.081010 0.071575 0.081706 0.078309 0.080162 0.119047 0.151180 0.104700 0.077810 0.073643 0.060809 0.054590 0.055026 0.062550 0.070887 0.058290 0.053888 0.057616 0.022845 0.020365 0.022104 0.028722 0.034317 0.026367 0.022783 0.022255 0.004952 0.004103 0.004895 0.007097 0.009129 0.006716 0.005123 0.005331 
0.018161 0.016299 0.016028 0.030319 0.050423 0.027636 0.015967 0.015808 0.024809 0.022921 0.024640 0.060294 0.105281 0.048596 0.023947 0.021624 0.027962 0.025127 0.034467 0.127868 0.222010 0.093080 0.030416 0.024018 0.015362 0.014402 0.025150 0.086410 0.140076 0.062878 0.022373 0.015151 0.004449 0.004411 0.007346 0.021919 0.031254 0.014455 0.006843 0.004736 
0.099312 0.063679 0.061866 0.086879 0.108320 0.080053 0.060902 0.065647 0.167235 0.088806 0.066758 0.094309 0.117313 0.084775 0.069247 0.095098 0.148979 0.078791 0.049853 0.056723 0.067586 0.051514 0.051017 0.087218 0.040602 0.026343 0.021775 0.027157 0.032803 0.024518 0.024163 0.031977 0.007163 0.004876 0.005451 0.007888 0.009556 0.006755 0.006023 0.006753 
0.028956 0.025517 0.025356 0.051862 0.084510 0.040814 0.025142 0.024820 0.037933 0.034378 0.037147 0.116997 0.205952 0.082180 0.035389 0.032816 0.037299 0.032391 0.039614 0.145521 0.254976 0.105157 0.036094 0.032807 0.016381 0.014849 0.022595 0.063838 0.098977 0.047906 0.021367 0.017014 0.004495 0.004439 0.006431 0.016036 0.022545 0.011055 0.006065 0.004946 
0.020842 0.019778 0.028812 0.038768 0.030732 0.022124 0.020416 0.019877 0.028956 0.031415 0.058296 0.073071 0.045899 0.030124 0.026818 0.025456 0.035338 0.042690 0.091854 0.115870 0.064605 0.040872 0.034035 0.030135 0.017977 0.024924 0.050746 0.069119 0.050163 0.032526 0.024845 0.019683 0.004865 0.005993 0.011821 0.018874 0.017093 0.011719 0.007294 0.005659 
0.025117 0.022548 0.021920 0.027133 0.042746 0.045821 0.027358 0.022645 0.034301 0.031548 0.030986 0.040348 0.086531 0.099834 0.048804 0.032406 0.035344 0.031777 0.034763 0.051988 0.137772 0.153474 0.066609 0.032425 0.017682 0.015978 0.022560 0.041447 0.086522 0.089483 0.040913 0.019000 0.004813 0.004588 0.007142 0.015153 0.022227 0.017887 0.009232 0.005783 
0.046062 0.070753 0.074774 0.045088 0.039747 0.034192 0.033541 0.035497 0.059232 0.120418 0.133497 0.069544 0.045271 0.039712 0.040574 0.042243 0.060577 0.100471 0.107581 0.066966 0.045127 0.041094 0.041470 0.044213 0.027373 0.031306 0.035790 0.032450 0.030381 0.024004 0.022848 0.024147 0.005769 0.005434 0.006566 0.008477 0.009023 0.007576 0.005794 0.005813 
0.097357 0.075844 0.057465 0.054906 0.070529 0.054232 0.054861 0.073158 0.123282 0.098128 0.073302 0.082422 0.129972 0.081097 0.071131 0.091987 0.085931 0.069057 0.058385 0.107800 0.189316 0.104046 0.061016 0.067142 0.028086 0.024224 0.029604 0.061514 0.098745 0.055618 0.030866 0.027003 0.005911 0.005435 0.007238 0.015533 0.022480 0.012879 0.007309 0.006383 
0.066152 0.062187 0.065568 0.084092 0.119743 0.113710 0.081896 0.064942 0.081350 0.078668 0.090148 0.126841 0.183737 0.169447 0.119066 0.083762 0.071240 0.068791 0.072717 0.093985 0.125036 0.112529 0.093097 0.073966 0.028435 0.025827 0.029121 0.038743 0.049841 0.041492 0.035191 0.029259 0.005627 0.005149 0.006416 0.010316 0.013043 0.009926 0.006794 0.006816 
0.176255 0.092436 0.028916 0.025900 0.029114 0.025461 0.026531 0.064989 0.233993 0.120440 0.035831 0.031794 0.034980 0.030505 0.030867 0.083716 0.130935 0.069568 0.030608 0.031548 0.037128 0.029296 0.029565 0.056763 0.046534 0.026932 0.016728 0.019996 0.025140 0.019349 0.018943 0.025418 0.008965 0.005608 0.004888 0.007669 0.008821 0.006557 0.005438 0.006869 
0.089897 0.088527 0.062093 0.047545 0.044667 0.041267 0.043316 0.056028 0.171387 0.158543 0.102061 0.071210 0.066722 0.059194 0.065316 0.090584 0.154172 0.130996 0.088572 0.072240 0.073550 0.065587 0.068677 0.089925 0.041107 0.036951 0.033512 0.038772 0.046756 0.036657 0.033187 0.035074 0.007107 0.005982 0.007211 0.010992 0.012136 0.009357 0.007423 0.007687 
0.109545 0.046875 0.033713 0.032268 0.034087 0.033351 0.043838 0.099474 0.199562 0.075136 0.047868 0.042218 0.045828 0.046620 0.073008 0.179633 0.161345 0.070248 0.041854 0.043860 0.052295 0.046617 0.065958 0.143793 0.046572 0.026843 0.021724 0.025656 0.028318 0.023063 0.028826 0.046868 0.007875 0.005380 0.005569 0.006699 0.007825 0.006562 0.006357 0.008393 
0.017665 0.016781 0.018224 0.065759 0.159492 0.074194 0.019186 0.016597 0.022177 0.021204 0.024899 0.122674 0.294279 0.130539 0.026434 0.020866 0.027456 0.022349 0.025058 0.083922 0.184572 0.084725 0.027167 0.022125 0.015943 0.011923 0.015178 0.037516 0.066948 0.034745 0.015317 0.012487 0.004041 0.003335 0.004985 0.010990 0.018205 0.009443 0.005047 0.003574 
0.264728 0.108473 0.033712 0.031817 0.035126 0.030841 0.037364 0.137306 0.156931 0.069382 0.037222 0.038608 0.043639 0.037089 0.039582 0.089329 0.089187 0.047742 0.034911 0.040414 0.047144 0.034286 0.034802 0.057975 0.034173 0.022263 0.017967 0.023631 0.029120 0.020184 0.019510 0.026519 0.006277 0.004338 0.004552 0.007397 0.009248 0.006431 0.004958 0.005750 
0.031476 0.031323 0.037743 0.092183 0.172366 0.093281 0.036693 0.030322 0.039793 0.036786 0.041976 0.074781 0.126352 0.075551 0.039519 0.034690 0.036778 0.033521 0.040815 0.092928 0.152087 0.079081 0.037297 0.034026 0.017629 0.016793 0.024721 0.071095 0.110303 0.050975 0.022117 0.016760 0.004288 0.004111 0.006380 0.016677 0.024067 0.011904 0.006355 0.004773 
0.028272 0.027498 0.048326 0.181153 0.188590 0.055782 0.030642 0.026516 0.034182 0.032360 0.061328 0.221964 0.225585 0.058443 0.033790 0.030378 0.033490 0.031057 0.052149 0.151231 0.151548 0.052208 0.031176 0.030372 0.016364 0.015612 0.026219 0.063176 0.065557 0.030372 0.018825 0.015513 0.004388 0.004378 0.007042 0.016012 0.018136 0.009950 0.005893 0.004779 
0.193397 0.202209 0.109213 0.066693 0.062615 0.059185 0.063051 0.092489 0.152871 0.165640 0.101133 0.073643 0.075760 0.066214 0.066900 0.084420 0.080020 0.076074 0.062506 0.063123 0.072391 0.056696 0.056040 0.061732 0.028622 0.025234 0.024568 0.030777 0.036400 0.027339 0.025359 0.025238 0.006269 0.004997 0.005673 0.008139 0.010142 0.007674 0.006134 0.006313 
0.031875 0.030710 0.036802 0.129323 0.265045 0.123992 0.036193 0.029710 0.044883 0.038531 0.043127 0.130617 0.258760 0.124043 0.042325 0.037027 0.049036 0.038158 0.038105 0.061898 0.097889 0.059977 0.036590 0.039036 0.021424 0.017483 0.019263 0.035671 0.051594 0.030311 0.019504 0.018457 0.005306 0.004371 0.005440 0.009802 0.014829 0.008361 0.005433 0.004843 
0.038328 0.038780 0.052735 0.086398 0.065997 0.041893 0.035407 0.035114 0.050089 0.052802 0.097341 0.168212 0.113444 0.055736 0.044985 0.042297 0.047810 0.051351 0.108910 0.193580 0.133195 0.063192 0.047490 0.043928 0.020946 0.026460 0.052369 0.092676 0.073451 0.041584 0.029256 0.022949 0.005076 0.006087 0.011033 0.021262 0.021317 0.013074 0.008136 0.006128 
0.202766 0.079519 0.026274 0.024701 0.026023 0.023136 0.026265 0.084295 0.320028 0.127703 0.034523 0.029847 0.035929 0.028836 0.034238 0.126982 0.255543 0.104773 0.034110 0.032909 0.043849 0.032649 0.033427 0.109465 0.061285 0.029275 0.019154 0.023140 0.031361 0.022256 0.021658 0.035023 0.009323 0.005605 0.005265 0.007621 0.009745 0.006652 0.005698 0.007258 
0.174978 0.095519 0.069834 0.067237 0.070599 0.078772 0.119987 0.188907 0.172483 0.105221 0.078889 0.074116 0.082558 0.085609 0.125825 0.182500 0.101837 0.072721 0.060138 0.061900 0.070946 0.065002 0.077011 0.097169 0.033264 0.025979 0.024127 0.031305 0.037403 0.029961 0.029543 0.033276 0.006616 0.004968 0.005623 0.007978 0.009998 0.007623 0.006018 0.006923 
0.090603 0.077522 0.073564 0.113548 0.182259 0.098720 0.071288 0.077317 0.102381 0.085218 0.080167 0.155210 0.265212 0.131449 0.078761 0.083800 0.074430 0.058746 0.053750 0.122474 0.214422 0.106858 0.053697 0.057767 0.023925 0.021794 0.026081 0.050947 0.080260 0.043145 0.027211 0.023211 0.005184 0.004826 0.006598 0.014780 0.020290 0.011255 0.006224 0.005482 
0.241337 0.137546 0.059891 0.052562 0.060212 0.050946 0.054684 0.116147 0.282245 0.165087 0.076514 0.071277 0.087025 0.067031 0.071182 0.144028 0.160482 0.099734 0.059273 0.064376 0.083051 0.061701 0.058878 0.095480 0.040262 0.028788 0.026612 0.038136 0.052204 0.034015 0.027801 0.032557 0.007185 0.005433 0.006202 0.010530 0.013603 0.008708 0.006578 0.007328 
0.064809 0.080167 0.152300 0.200728 0.113538 0.061654 0.054141 0.054878 0.073463 0.089601 0.180887 0.234575 0.135334 0.071497 0.059660 0.062052 0.061324 0.065551 0.106702 0.135927 0.095976 0.060641 0.053620 0.054938 0.024314 0.025090 0.032127 0.042337 0.040105 0.030829 0.026582 0.024460 0.004622 0.004899 0.006340 0.009853 0.010975 0.007680 0.005972 0.006350 
0.130431 0.120899 0.108668 0.104211 0.106568 0.089561 0.084984 0.098947 0.177730 0.163426 0.146038 0.141949 0.151608 0.120223 0.118141 0.133766 0.127551 0.107563 0.093882 0.103421 0.120678 0.095923 0.091759 0.102344 0.034692 0.029943 0.031219 0.044395 0.056167 0.040536 0.034468 0.033946 0.006511 0.005504 0.006998 0.011658 0.014303 0.009959 0.007127 0.007474 
0.031849 0.030819 0.031482 0.045076 0.125964 0.124471 0.040866 0.028858 0.040107 0.039499 0.038006 0.061678 0.215756 0.206812 0.060883 0.035835 0.034530 0.034228 0.036408 0.067360 0.211474 0.194061 0.060140 0.033345 0.017883 0.016727 0.020285 0.043882 0.100237 0.081239 0.029846 0.019005 0.004433 0.004451 0.006274 0.014386 0.022820 0.015446 0.006990 0.004758 
0.170465 0.161200 0.157281 0.159498 0.160296 0.146211 0.144569 0.147596 0.130234 0.119235 0.119025 0.125651 0.131660 0.120282 0.113415 0.115068 0.070943 0.061554 0.060584 0.064330 0.074164 0.064274 0.060587 0.063729 0.023493 0.021170 0.021504 0.028218 0.032560 0.026769 0.023865 0.023540 0.005213 0.004107 0.005008 0.007282 0.008766 0.006845 0.005301 0.005530 
0.028514 0.026613 0.029767 0.092978 0.184433 0.077864 0.029151 0.025978 0.034377 0.032147 0.037376 0.155466 0.303903 0.118870 0.034927 0.031546 0.032734 0.029959 0.037574 0.165276 0.311853 0.121842 0.032172 0.030090 0.015463 0.014770 0.024256 0.082805 0.140275 0.059720 0.021993 0.016688 0.004234 0.004431 0.007005 0.020689 0.030294 0.013055 0.006696 0.004646 
0.025334 0.024079 0.029627 0.143381 0.333062 0.145493 0.030945 0.024287 0.029684 0.028314 0.033890 0.168703 0.377597 0.162750 0.035682 0.027792 0.030888 0.026506 0.030634 0.117916 0.243273 0.104043 0.030318 0.027002 0.015883 0.013748 0.018240 0.051040 0.093440 0.043453 0.017807 0.014505 0.004045 0.003727 0.005402 0.013837 0.022034 0.010857 0.005524 0.004202 
0.046086 0.038914 0.035068 0.037271 0.055315 0.112681 0.101207 0.050820 0.053400 0.047596 0.044654 0.049299 0.083505 0.181902 0.159373 0.070100 0.050569 0.043687 0.046587 0.054283 0.089511 0.169810 0.145134 0.068918 0.026297 0.020585 0.024289 0.033678 0.048090 0.066116 0.053368 0.031328 0.005925 0.005450 0.006863 0.011527 0.015606 0.013610 0.008993 0.007543 
0.034502 0.024385 0.021539 0.020556 0.023076 0.028795 0.058546 0.065989 0.056143 0.032165 0.031057 0.027288 0.031963 0.048460 0.124360 0.137626 0.065510 0.041647 0.035336 0.033422 0.040532 0.058596 0.156118 0.173456 0.031374 0.021734 0.021026 0.020159 0.019211 0.027098 0.048426 0.053120 0.005762 0.004715 0.006369 0.005659 0.006198 0.007327 0.008899 0.008277 
0.058616 0.041268 0.061104 0.215002 0.226936 0.069171 0.039615 0.046357 0.052987 0.036957 0.055769 0.073300 0.068297 0.056927 0.040671 0.042834 0.038941 0.026110 0.031729 0.049712 0.049794 0.030529 0.026426 0.031995 0.023537 0.015682 0.016260 0.030118 0.034037 0.017548 0.015500 0.018954 0.004215 0.003461 0.004809 0.007589 0.007833 0.005652 0.005076 0.003990 
0.089046 0.078354 0.074945 0.076132 0.107294 0.188068 0.212361 0.137410 0.089531 0.079510 0.081822 0.084651 0.113027 0.181753 0.206859 0.135233 0.067251 0.057244 0.060850 0.068854 0.082377 0.097666 0.107269 0.083293 0.025917 0.022171 0.024796 0.030884 0.035720 0.036054 0.035157 0.031640 0.005447 0.004719 0.005514 0.007918 0.010065 0.008072 0.006352 0.006693 
0.273609 0.071280 0.033025 0.028753 0.029191 0.029405 0.056397 0.234198 0.298862 0.079678 0.038462 0.036516 0.035597 0.037416 0.067571 0.255188 0.175104 0.058230 0.029490 0.034647 0.039553 0.033497 0.049483 0.149922 0.049986 0.022870 0.014548 0.020592 0.021255 0.015573 0.020306 0.044676 0.007062 0.004639 0.003985 0.005012 0.005401 0.004365 0.004583 0.007329 
0.410975 0.181177 0.035287 0.027470 0.029755 0.026837 0.036386 0.161823 0.398870 0.177508 0.035826 0.030638 0.036898 0.029866 0.035156 0.151123 0.210726 0.091091 0.030987 0.028718 0.036621 0.026996 0.030006 0.086642 0.058284 0.028764 0.017120 0.020842 0.026180 0.019398 0.019204 0.027580 0.008793 0.004791 0.004352 0.006423 0.008627 0.005908 0.004411 0.006077 
0.092091 0.223739 0.239325 0.089822 0.050480 0.044780 0.046479 0.054761 0.093429 0.229031 0.247933 0.102394 0.053043 0.045668 0.049544 0.052199 0.074635 0.121614 0.124076 0.070235 0.047342 0.043093 0.043387 0.047555 0.028647 0.031529 0.034210 0.029232 0.027663 0.022653 0.023076 0.023221 0.005981 0.004953 0.005128 0.007148 0.008014 0.006607 0.005329 0.006022 
0.104250 0.106458 0.132241 0.209382 0.280124 0.216921 0.132787 0.101035 0.111475 0.110362 0.131077 0.192891 0.251053 0.198330 0.132290 0.100882 0.085297 0.073465 0.077265 0.101529 0.133566 0.107294 0.079930 0.076826 0.027806 0.024232 0.028891 0.039503 0.055589 0.041527 0.032358 0.028055 0.006042 0.004992 0.006012 0.010735 0.013776 0.009302 0.006153 0.006253 
0.073201 0.031461 0.026474 0.024959 0.029208 0.050527 0.190267 0.229541 0.089461 0.038272 0.033238 0.028108 0.034213 0.061545 0.229815 0.275408 0.069731 0.042374 0.034643 0.031984 0.038099 0.054146 0.171629 0.195028 0.028039 0.020686 0.019522 0.018629 0.017134 0.023786 0.044336 0.047514 0.005165 0.004241 0.005746 0.004854 0.005600 0.006368 0.007923 0.007160 
0.341319 0.239079 0.131782 0.097106 0.098064 0.096705 0.133404 0.234271 0.268318 0.191760 0.123251 0.104614 0.112147 0.096925 0.123496 0.193097 0.132146 0.092758 0.070552 0.072487 0.085159 0.068937 0.068798 0.095672 0.035520 0.026398 0.024208 0.034498 0.043020 0.029879 0.026054 0.030046 0.007190 0.004966 0.005697 0.009497 0.011636 0.007900 0.005968 0.006712 
0.043499 0.043977 0.054763 0.073012 0.222076 0.293431 0.109896 0.044562 0.043034 0.037293 0.037940 0.062277 0.235547 0.296552 0.114123 0.043088 0.038964 0.033338 0.034251 0.049913 0.122236 0.142351 0.065166 0.036870 0.018006 0.015774 0.019062 0.028821 0.049555 0.051139 0.027602 0.018925 0.003908 0.003983 0.005708 0.009122 0.014692 0.011745 0.006507 0.005437 
0.047343 0.046788 0.076238 0.310041 0.430110 0.171874 0.061998 0.045924 0.048010 0.046845 0.072258 0.257346 0.335980 0.119971 0.051201 0.042923 0.043050 0.033592 0.047001 0.140905 0.180029 0.067915 0.031332 0.036943 0.017703 0.016341 0.022821 0.052357 0.065169 0.029519 0.017550 0.017138 0.004769 0.004728 0.006380 0.014858 0.019065 0.009787 0.006059 0.004802 
0.295977 0.281152 0.275642 0.280694 0.285902 0.265727 0.261979 0.272986 0.201878 0.185123 0.178845 0.192645 0.209720 0.177330 0.162656 0.173112 0.100592 0.081251 0.078043 0.091375 0.110421 0.085396 0.077595 0.083515 0.028515 0.022865 0.025704 0.036590 0.048215 0.033194 0.028935 0.028780 0.005539 0.004868 0.005813 0.010303 0.012921 0.008554 0.006134 0.006053 
